1418000300,1,1,0,0
1418000300,2,2,0,0
1418000300,3,3,0,0
1418000300,29,4,0,0
1418000300,4,5,0,0
1418000300,5,6,0,0
1418000300,8,7,0,0
1418000300,6,8,0,0
1418000300,9,9,0,0
1418000300,10,10,0,0
1418000300,12,11,0,0
1418000300,13,12,0,0
1418000300,14,13,0,0
1418000300,30,14,0,0
1418000300,15,15,1,1
1418000301,15,1,0,0
1418000301,17,2,0,0
1418000301,18,3,0,0
1418000301,19,4,0,0
1418000301,20,5,0,0
1418000301,21,6,0,0
1418000301,22,7,0,0
1418000301,23,8,0,0
1418000301,24,9,0,0
1418000301,25,10,0,0
1418000301,26,11,0,0
1418000301,30,12,0,0
1418000301,13,13,0,0
1418000301,14,14,0,0
1418000301,12,15,0,0
1418000301,11,16,0,0
1418000301,9,17,0,0
1418000301,8,18,0,0
1418000301,7,19,0,0
1418000301,1,20,0,0
1418000301,2,21,0,0
1418000301,3,22,0,0
1418000301,29,23,0,0
1418000301,4,24,0,0
1418000301,5,25,1,1
52420180000,29,1,0,0
52420180000,28,2,0,0
52420180000,6,3,0,0
52420180000,9,4,0,0
52420180000,26,5,0,0
52420180000,16,6,0,0
52420180000,27,7,1,1
52420180001,27,1,0,0
52420180001,15,2,0,0
52420180001,26,3,0,0
52420180001,9,4,0,0
52420180001,7,5,0,0
52420180001,28,6,0,0
52420180001,29,7,1,1
